852.65,1
852.75,0.99989019588957
852.84,0.999791462170239
852.93,0.999692813639776
853.02,0.999594250244812
853.12,0.99948483514694
853.21,0.999386451307424
853.3,0.999288152437671
853.39,0.999189938484505
853.49,0.999080911398791
853.58,0.998982876539568
853.67,0.998884926431801
853.76,0.998787061022509
853.86,0.998678420952189
853.95,0.998580734177013
854.04,0.998483131935783
854.13,0.998385614175706
854.23,0.998277360127646
854.32,0.998180020543533
854.41,0.998082765276643
854.5,0.99798559427438
854.6,0.997877725259057
854.69,0.997780731976267
854.78,0.997683822794768
854.87,0.997586997662154
854.97,0.997479512693641
855.06,0.99738286482567
855.15,0.997286300843841
855.24,0.997189820695936
855.34,0.997082718791886
855.43,0.0276600778826858
855.52,0.172149720684047
855.61,0.587959834717478
855.7,0.683660666562587
855.8,0.712454376522747
855.89,0.71264324578022
855.98,0.71861244712753
856.07,0.7191914738416
856.17,0.726106186817041
856.26,0.730637110639504
856.35,0.737513768197078
856.44,0.735230100376383
856.54,0.75161479893881
856.63,0.747083653460932
856.72,0.754532569985328
856.81,0.761112590907662
856.91,0.768476353174561
857,0.766999881857884
857.09,0.777665453366577
857.18,0.77427139574834
857.27,0.786749063892072
857.37,0.786641257558958
857.46,0.795771497957024
857.55,0.789498094613575
857.64,0.792822225554171
857.74,0.798811703867124
857.83,0.804489662309911
857.92,0.806638678079971
858.01,0.815768250521939
858.11,0.819123287941108
858.2,0.825276872851163
858.29,0.823884384113927
858.38,0.833760651786243
858.47,0.828019137393791
858.57,0.841434778166342
858.66,0.843464674427024
858.75,0.85042595445976
858.84,0.853280217193219
858.94,0.857976820023708
859.03,0.859361664511056
859.12,0.870290667829134
859.21,0.865848616858244
859.3,0.881663800567687
859.4,0.884257492647683
859.49,0.89226671114892
859.58,0.892680953238763
859.67,0.900221566382664
859.76,0.896632097004899
859.86,0.906425534674889
859.95,0.906684133338358
860.04,0.91175978768076
860.13,0.909047724882003
860.23,0.913291721737074
860.32,0.912206999091933
860.41,0.921061626119605
860.5,0.922232653694502
860.59,0.931557010039185
860.69,0.930159293849208
860.78,0.936355614800134
860.87,0.938129735910074
860.96,0.944355150966592
861.05,0.94319174283207
861.15,0.946571472248981
861.24,0.9438476838982
861.33,0.955806282446705
861.42,0.954611678108057
861.51,0.962448059161839
861.61,0.960577511028887
861.7,0.963347236213469
861.79,0.959930286635709
861.88,0.962234299366597
861.97,0.95332957652922
862.07,0.953775346152577
862.16,0.949029737424748
862.25,0.952905386752594
862.34,0.946062946932593
862.43,0.949787346684773
862.53,0.940051066937654
862.62,0.949928748428731
862.71,0.945980996454275
862.8,0.953091365279715
862.89,0.949839995811199
862.99,0.956394327823897
863.08,0.950813123507232
863.17,0.958767123684015
863.26,0.95350692205539
863.35,0.956002988408561
863.45,0.95401794241871
863.54,0.958802829711498
863.63,0.956326089520213
863.72,0.960368632003755
863.81,0.953933417072162
863.91,0.958418164772432
864,0.952691834036716
864.09,0.955146653717129
864.18,0.95332693274262
864.27,0.956848285786699
864.36,0.949946897678564
864.46,0.957405715078347
864.55,0.950201398737347
864.64,0.954444269257729
864.73,0.953889084797877
864.82,0.958416780948979
864.92,0.951411661862834
865.01,0.950847872023017
865.1,0.949110685938283
865.19,0.953234988606229
865.28,0.942341598835465
865.37,0.94630003959383
865.47,0.946784394117669
865.56,0.950883084336699
865.65,0.951542176069101
865.74,0.956014408492424
865.83,0.94741719554625
865.93,0.954752990048554
866.02,0.954055091171534
866.11,0.963589739743132
866.2,0.954866328919672
866.29,0.951293548456543
866.38,0.948556029474602
866.48,0.954621105513807
866.57,0.954313562690474
866.66,0.962233038357477
866.75,0.954898088430832
866.84,0.95931996652263
866.93,0.961183549196301
867.03,0.959008354375738
867.12,0.956033470429475
867.21,0.959963382919131
867.3,0.959275954809764
867.39,0.95770897073899
867.48,0.955541576262804
867.58,0.963512720504604
867.67,0.962736610180343
867.76,0.957585032114335
867.85,0.963908804306697
867.94,0.969235853648332
868.03,0.960764512918408
868.13,0.96570500799772
868.22,0.962249508094855
868.31,0.968227388392568
868.4,0.959082618807004
868.49,0.967402328252652
868.58,0.961164956068429
868.68,0.96665123197132
868.77,0.963381512548092
868.86,0.971643067150517
868.95,0.963412204549451
869.04,0.973413852590181
869.13,0.967038837644671
869.23,0.975624820535565
869.32,0.966154554642919
869.41,0.973809231105561
869.5,0.970186805955798
869.59,0.974031695589246
869.68,0.964338704057863
869.77,0.966379148346149
869.87,0.961297177892204
869.96,0.961478515682758
870.05,0.961286866251144
870.14,0.966310987492053
870.23,0.963652085671642
870.32,0.974614518030993
870.41,0.968388573780455
870.51,0.979987595340852
870.6,0.971534660396083
870.69,0.969054004838686
870.78,0.964655025148086
870.87,0.965154271249002
870.96,0.963496731057268
871.06,0.969216618393092
871.15,0.964645296512442
871.24,0.967929964174969
871.33,0.960021780029432
871.42,0.964188893891224
871.51,0.963805895285785
871.6,0.965581550960823
871.7,0.968853020995091
871.79,0.973219679882211
871.88,0.961490943976605
871.97,0.963919566514436
872.06,0.958407108689141
872.15,0.95858367608894
872.24,0.96260182777461
872.33,0.96259202463259
872.43,0.959312168241074
872.52,0.970055729406254
872.61,0.96385047417942
872.7,0.965988003993097
872.79,0.962291109927793
872.88,0.964477326805947
872.97,0.96593142862595
873.07,0.970748617046354
873.16,0.967449162332656
873.25,0.979502266807459
873.34,0.969188867428095
873.43,0.976262678825877
873.52,0.964774954564348
873.61,0.970306082212561
873.7,0.96778263916061
873.8,0.97063782444275
873.89,0.969583409430918
873.98,0.972370754936325
874.07,0.970174179463046
874.16,0.977697540719058
874.25,0.96758836622139
874.34,0.973670348099091
874.43,0.96423016329426
874.53,0.972001826726511
874.62,0.968655866688381
874.71,0.969621381534024
874.8,0.966121026927333
874.89,0.967324135356768
874.98,0.967154418140891
875.07,0.969446909373881
875.16,0.969700167753194
875.26,0.975890549004488
875.35,0.967663511584436
875.44,0.97148273188327
875.53,0.967397873082386
875.62,0.970520020983906
875.71,0.967147767655932
875.8,0.973776312321329
875.89,0.970191576968592
875.98,0.967763032103598
876.08,0.96827577771513
876.17,0.969098131395881
876.26,0.96646677415744
876.35,0.972809776605664
876.44,0.967114656719399
876.53,0.972490168977782
876.62,0.971634515768795
876.71,0.97414926674235
876.8,0.971564706482866
876.9,0.969868393204759
876.99,0.969563390528744
877.08,0.969793178213336
877.17,0.960299228641214
877.26,0.96885861754474
877.35,0.965869106555164
877.44,0.967062082546085
877.53,0.960814859121047
877.62,0.969781664028081
877.71,0.965229578029527
877.81,0.965825006344176
877.9,0.960566779890292
877.99,0.961480691031529
878.08,0.959262088071076
878.17,0.972853525140629
878.26,0.960665103754833
878.35,0.966485878002177
878.44,0.963940105818091
878.53,0.966504230214336
878.62,0.963364335254183
878.72,0.969890819315366
878.81,0.963326628462768
878.9,0.970567310082536
878.99,0.9630852424559
879.08,0.968050436505175
879.17,0.964894085745035
879.26,0.968366647382991
879.35,0.968618795226395
879.44,0.969689526436954
879.53,0.969156497260491
879.62,0.971315356162051
879.72,0.960890005901529
879.81,0.963585719483601
879.9,0.953652916256591
879.99,0.962524603030677
880.08,0.952960169668613
880.17,0.958146403429566
880.26,0.954530965715867
880.35,0.961264391686592
880.44,0.953432861359933
880.53,0.952284304690298
880.62,0.955170141743963
880.72,0.958198846813983
880.81,0.95308954945466
880.9,0.950848538785483
880.99,0.950040028353757
881.08,0.954087748904894
881.17,0.955201521887856
881.26,0.957326200768322
881.35,0.956871806449462
881.44,0.958324258678814
881.53,0.957685369150464
881.62,0.959981930301715
881.71,0.951236882676883
881.8,0.952468683422402
881.9,0.949084690730466
881.99,0.953750105649368
882.08,0.951554388579054
882.17,0.949186655154117
882.26,0.945143793976066
882.35,0.950724663507892
882.44,0.948895972453902
882.53,0.953033497125181
882.62,0.953892944809636
882.71,0.959952408094675
882.8,0.959547674393234
882.89,0.95367472028499
882.98,0.943023935778707
883.07,0.946543810304809
883.17,0.935579224046415
883.26,0.946493859047761
883.35,0.934677732450393
883.44,0.94190170266209
883.53,0.934970127277402
883.62,0.945954277094129
883.71,0.938023664863454
883.8,0.941614735013346
883.89,0.938309885100761
883.98,0.940088442140519
884.07,0.934658305089096
884.16,0.94108425382768
884.25,0.938052401792026
884.34,0.942587226278946
884.43,0.935694526094457
884.52,0.943078690986977
884.62,0.939351877801484
884.71,0.941132766819374
884.8,0.945674994964187
884.89,0.942149870953808
884.98,0.940475134730399
885.07,0.944998473545881
885.16,0.936327014448567
885.25,0.939579960966959
885.34,0.93384860123735
885.43,0.935403058404796
885.52,0.926424391834817
885.61,0.92493905933537
885.7,0.915130203215595
885.79,0.920778031199785
885.88,0.918992059958823
885.97,0.926221876825147
886.06,0.921086227438387
886.15,0.927012569262025
886.24,0.922390193914597
886.34,0.921803327963755
886.43,0.922559289355792
886.52,0.92543997440249
886.61,0.91610295497717
886.7,0.923000707065918
886.79,0.914572303218182
886.88,0.917019080939644
886.97,0.916546176106585
887.06,0.923035427472012
887.15,0.920173476618029
887.24,0.927387565094305
887.33,0.91911944018565
887.42,0.92347758926815
887.51,0.920517271046631
887.6,0.925946814284475
887.69,0.921616826749195
887.78,0.919434238145015
887.87,0.918073915262404
887.96,0.918893372889894
888.05,0.912819439033815
888.14,0.919906027121024
888.23,0.915051948701295
888.32,0.915098153793246
888.41,0.913687891134539
888.5,0.910869617098429
888.59,0.902181429144663
888.69,0.90087677060999
888.78,0.897410369811635
888.87,0.904861412734472
888.96,0.899888306670819
889.05,0.90267912423992
889.14,0.900997298122867
889.23,0.905775634623148
889.32,0.897829984725332
889.41,0.90006107835593
889.5,0.89738188237057
889.59,0.900740253708854
889.68,0.899038550941089
889.77,0.905420598209865
889.86,0.894923620993241
889.95,0.896946904891
890.04,0.896803001177973
890.13,0.900731323535171
890.22,0.893104660181215
890.31,0.895142741875398
890.4,0.887661861672101
890.49,0.889943503811371
890.58,0.891693131964629
890.67,0.896314415146795
890.76,0.885528547035511
890.85,0.894075434281286
890.94,0.88832501740475
891.03,0.890401761320216
891.12,0.885379221970601
891.21,0.890146472605313
891.3,0.888781876136061
891.39,0.88985843864929
891.48,0.884825525175138
891.57,0.882474094873151
891.66,0.881098605533025
891.75,0.886975060070324
891.84,0.880464285131561
891.93,0.883089866698215
892.02,0.875163924040018
892.11,0.883556975485736
892.2,0.873819885820145
892.29,0.879742738231491
892.38,0.872323416208385
892.47,0.8812245545597
892.56,0.872327402681165
892.65,0.874229643087988
892.74,0.87188470105713
892.83,0.87395176426851
892.92,0.865228669538445
893.01,0.872924500092966
893.1,0.867462088677886
893.19,0.875036896162459
893.28,0.869095494993112
893.37,0.868542090086813
893.46,0.866876682631937
893.55,0.868679598263869
893.64,0.864092193210712
893.73,0.870495617670276
893.82,0.862345564264858
893.91,0.862764054077576
894,0.863524132278891
894.09,0.863238471711567
894.18,0.852928157869457
894.27,0.863677014068769
894.36,0.857346357645583
894.45,0.858169700007556
894.54,0.857525316753544
894.63,0.859034500782697
894.72,0.857656511117212
894.81,0.862441718604833
894.9,0.854703599747391
894.99,0.861042477189045
895.08,0.855131944637119
895.17,0.856305675422582
895.26,0.856632099518765
895.35,0.855716250757411
895.44,0.84653621911432
895.53,0.85555818067876
895.62,0.846325600843407
895.71,0.852171278393531
895.8,0.850615889832085
895.89,0.853959084353031
895.98,0.849004899056648
896.07,0.852581224335547
896.16,0.851415333267546
896.25,0.854811641363746
896.34,0.847923542959548
896.43,0.851905985645092
896.52,0.84501010551246
896.61,0.848427075922989
896.7,0.841065905478748
896.79,0.849075885947789
896.88,0.8395897668105
896.97,0.849464601687912
897.06,0.841414853883555
897.15,0.840385598259808
897.24,0.843493754430021
897.33,0.84615318610909
897.42,0.844774264022487
897.51,0.85113044566372
897.6,0.844957838596586
897.69,0.8446821131452
897.78,0.842416352702965
897.87,0.835967768712611
897.96,0.83654434030339
898.05,0.839116596123185
898.13,0.822736417577178
898.22,0.829497432179559
898.31,0.827436910394023
898.4,0.83109650717854
898.49,0.828316459547046
898.58,0.836019296119353
898.67,0.828604693150109
898.76,0.838035562887251
898.85,0.831822201914413
898.94,0.836331327069778
899.03,0.834077747946068
899.12,0.833296266081316
899.21,0.830774601209232
899.3,0.82931295820288
899.39,0.823747516612583
899.48,0.829685327401091
899.57,0.817931074524229
899.66,0.821606585386829
899.75,0.821318933430089
899.84,0.824116621101949
899.93,0.817223210362898
900.02,0.828583343285989
900.11,0.818999729390321
900.2,0.82532600121163
900.29,0.824328585017454
900.37,0.823274443637213
900.46,0.821361731880045
900.55,0.820609432372442
900.64,0.823438825237232
900.73,0.827463675069141
900.82,0.822474184375947
900.91,0.826564281097259
901,0.825323178653877
901.09,0.823247539200208
901.18,0.817654595740809
901.27,0.817421944538159
901.36,0.813421821528269
901.45,0.818670639271129
901.54,0.811201976593028
901.63,0.814137816576169
901.72,0.811143306441258
901.81,0.815366124115643
901.9,0.806877714174756
901.99,0.806899462626208
902.08,0.805944083134962
902.16,0.809585036370662
902.25,0.809285033412479
902.34,0.808874903395204
902.43,0.80342827882561
902.52,0.806446658133512
902.61,0.800840124399265
902.7,0.802330710270005
902.79,0.803374498593252
902.88,0.803054483628301
902.97,0.794984443043469
903.06,0.80429927233365
903.15,0.793402067613935
903.24,0.799474179438517
903.33,0.791495802868451
903.42,0.794986782858033
903.5,0.795610622573036
903.59,0.7991010385803
903.68,0.793416223326668
903.77,0.799858404066947
903.86,0.797667664008688
903.95,0.803861941353999
904.04,0.800142046071236
904.13,0.799930231042832
904.22,0.79665734231965
904.31,0.801431440878196
904.4,0.799643229356001
904.49,0.800493515081493
904.58,0.795434089887358
904.67,0.796793167122154
904.75,0.78999725755383
904.84,0.794359973104104
904.93,0.787315989715335
905.02,0.787780450067688
905.11,0.786939702807008
905.2,0.788367450761393
905.29,0.784714626905188
905.38,0.788945572355782
905.47,0.787299611621273
905.56,0.794650833096963
905.65,0.785791641713699
905.74,0.789599691501451
905.83,0.782923166021423
905.91,0.78482547670361
906,0.783165737300458
906.09,0.784388298983259
906.18,0.780889806473426
906.27,0.790525886917213
906.36,0.781098069916378
906.45,0.785733745267094
906.54,0.781333193384898
906.63,0.782897263873089
906.72,0.777959915604875
906.81,0.782244428271904
906.89,0.777250459985677
906.98,0.780361681382151
907.07,0.778831563086402
907.16,0.780000606253312
907.25,0.777286160561959
907.34,0.782697639260478
907.43,0.775034762010416
907.52,0.776195023457243
907.61,0.774179146184545
907.7,0.772819495197208
907.79,0.768293267959405
907.87,0.770755674558004
907.96,0.76688894923027
908.05,0.777266383106971
908.14,0.776266188447901
908.23,0.773735133940472
908.32,0.77091068863159
908.41,0.773868805104001
908.5,0.765040406359199
908.59,0.773640716912605
908.68,0.768022899610415
908.76,0.768761002650718
908.85,0.76402502983983
908.94,0.768744452854369
909.03,0.760041158666269
909.12,0.766714563359889
909.21,0.759103670408317
909.3,0.763490381401181
909.39,0.757033970037013
909.48,0.763504597457714
909.57,0.755154640615008
909.65,0.758825166794524
909.74,0.75779815652328
909.83,0.757592356807659
909.92,0.759105696509384
910.01,0.759655687967429
910.1,0.753510916904037
910.19,0.761280137502153
910.28,0.752688402449388
910.36,0.754031678117592
910.45,0.751284257105271
910.54,0.751381448933458
910.63,0.748071671792594
910.72,0.750219126350901
910.81,0.748625025992495
910.9,0.751435806491152
910.99,0.745487836289496
911.08,0.748405185736606
911.16,0.742752951551637
911.25,0.743274393934883
911.34,0.741894660009836
911.43,0.744491936344065
911.52,0.740169156180766
911.61,0.745475469690093
911.7,0.747426818558795
911.79,0.75005890597198
911.87,0.746019775090185
911.96,0.748631023008084
912.05,0.741195721980504
912.14,0.746716568801445
912.23,0.738071757590449
912.32,0.740579449210243
912.41,0.735262334954823
912.5,0.743679524181957
912.58,0.73883491736177
912.67,0.739031290273496
912.76,0.730052628164668
912.85,0.731397468503526
912.94,0.728686211232411
913.03,0.731246903941237
913.12,0.720247442862401
913.21,0.730975258019461
913.29,0.728866631041794
913.38,0.733544596004324
913.47,0.725176678350193
913.56,0.728786826897491
913.65,0.721052981452635
913.74,0.72089287410555
913.83,0.713130798969297
913.91,0.720656965742785
914,0.71463125278451
914.09,0.720112444703248
914.18,0.716269175803622
914.27,0.723558879632953
914.36,0.723466956182648
914.45,0.721586857367605
914.53,0.722137817271744
914.62,0.72512862845084
914.71,0.7181657497043
914.8,0.724507651482951
914.89,0.720731087881088
914.98,0.721153759944269
915.07,0.718784272851219
915.15,0.718717910400648
915.24,0.714915997197307
915.33,0.717891479198982
915.42,0.712116783430693
915.51,0.716306228571854
915.6,0.707498812529094
915.69,0.712142989401407
915.77,0.705263600431988
915.86,0.708100092105252
915.95,0.708653549876411
916.04,0.710296638592416
916.13,0.707903079149953
916.22,0.708793180972585
916.3,0.703053000330751
916.39,0.708962388826872
916.48,0.702291758469422
916.57,0.709951226900205
916.66,0.70144817476352
916.75,0.700906959571171
916.84,0.69737585461801
916.92,0.70046931422848
917.01,0.696106376421744
917.1,0.702680969710351
917.19,0.70009495855242
917.28,0.700587006433891
917.37,0.692185589034944
917.45,0.694676625629447
917.54,0.691286227085069
917.63,0.69464054457359
917.72,0.694914625712031
917.81,0.699221328845283
917.9,0.695530662733874
917.98,0.69841624891424
918.07,0.687417101749193
918.16,0.693457716305047
918.25,0.688084212274343
918.34,0.691552649412361
918.43,0.688630429639646
918.51,0.689743429105296
918.6,0.685303097221037
918.69,0.686188247408035
918.78,0.68212306166836
918.87,0.686101022199547
918.96,0.679819390242305
919.04,0.684198945331872
919.13,0.677977034157031
919.22,0.68554477188606
919.31,0.683025523094674
919.4,0.684874503642825
919.48,0.677169412816234
919.57,0.678673777063345
919.66,0.678586701138515
919.75,0.682810768956204
919.84,0.681969237216853
919.93,0.686731988505969
920.01,0.685802885111501
920.1,0.690349994711009
920.19,0.679530180024788
920.28,0.688961502629035
920.37,0.680363995379106
920.46,0.676913331207693
920.54,0.674273811774191
920.63,0.674225683842993
920.72,0.67256364252901
920.81,0.677304289920726
920.9,0.670129515436332
920.98,0.673536665762389
921.07,0.670064184835985
921.16,0.673240677726708
921.25,0.666780142886382
921.34,0.673224588990002
921.42,0.671001928663756
921.51,0.676753822330193
921.6,0.670659513219795
921.69,0.677399986865429
921.78,0.666646802976398
921.86,0.673870297851626
921.95,0.66946976542959
922.04,0.670805710887155
922.13,0.666638317603508
922.22,0.671814655662222
922.3,0.665341311157443
922.39,0.667524783717724
922.48,0.661781370835963
922.57,0.662008302614121
922.66,0.659496178121496
922.75,0.6626563740525
922.83,0.658209412643076
922.92,0.661813640875561
923.01,0.655095756971454
923.1,0.65773214444511
923.18,0.654951096405315
923.27,0.657572612635656
923.36,0.657732317806996
923.45,0.655659950240899
923.54,0.651120574113271
923.62,0.653310168932385
923.71,0.652799766100882
923.8,0.652218879700815
923.89,0.64644578049886
923.98,0.646994283868531
924.06,0.639961274205691
924.15,0.647145107604793
924.24,0.646605947587248
924.33,0.647204447132272
924.42,0.641145343140856
924.5,0.646750000609185
924.59,0.641405715610809
924.68,0.641857537174188
924.77,0.635220984625901
924.86,0.641153711517809
924.94,0.639792909973103
925.03,0.645196050754234
925.12,0.638590065791174
925.21,0.641272127165987
925.29,0.63658587236684
925.38,0.637496324940572
925.47,0.634620000456483
925.56,0.636967007325621
925.65,0.633062934369613
925.73,0.640333162766611
925.82,0.632405383967045
925.91,0.634555417985697
926,0.624558177119871
926.08,0.63094945909868
926.17,0.624735745037831
926.26,0.629138195695863
926.35,0.624960125904392
926.44,0.631212071747157
926.52,0.622483597989468
926.61,0.631806240722574
926.7,0.628500877094878
926.79,0.631721994074832
926.87,0.627398595818735
926.96,0.629357289540562
927.05,0.619680107383912
927.14,0.62337081824997
927.22,0.619110275478526
927.31,0.623425904645145
927.4,0.618696022487218
927.49,0.626248317345142
927.58,0.618293713081185
927.66,0.621235596814112
927.75,0.613672223853675
927.84,0.61741497481643
927.93,0.618085469082319
928.01,0.620906666515005
928.1,0.615820888308225
928.19,0.617914290919349
928.28,0.616853983759982
928.36,0.621085826265184
928.45,0.616414646881937
928.54,0.619701580374737
928.63,0.613159672406143
928.71,0.615871789410822
928.8,0.611459863593395
928.89,0.616509097473871
928.98,0.610399669861061
929.06,0.61343996748067
929.15,0.60924895693548
929.24,0.614455878595366
929.33,0.610045356726663
929.42,0.609525870915709
929.5,0.60312537719251
929.59,0.608349388927237
929.68,0.604215578598821
929.77,0.602828871574316
929.85,0.601354379022519
929.94,0.600952835814964
930.03,0.596034665788958
930.12,0.5974535334549
930.2,0.596345955681486
930.29,0.597811641808391
930.38,0.596982636436809
930.46,0.601278960674197
930.55,0.594917569748273
930.64,0.597165540629005
930.73,0.593737894706778
930.81,0.59618788354415
930.9,0.589502700522553
930.99,0.594609991655045
931.08,0.59310492432498
931.16,0.596237187029514
931.25,0.592708090148642
931.34,0.590819660288231
931.43,0.583325241527253
931.51,0.585031072241624
931.6,0.579936255309425
931.69,0.586726476763919
931.78,0.578987601200185
931.86,0.584005484167405
931.95,0.582501790562948
932.04,0.58543446534917
932.13,0.582311678405275
932.21,0.585141525862071
932.3,0.579621164328145
932.39,0.587577541716147
932.47,0.582628294014391
932.56,0.586696279483655
932.65,0.583267006267789
932.74,0.586362842368652
932.82,0.583715271657915
932.91,0.578103090438565
933,0.576805619835626
933.09,0.578221384273701
933.17,0.574342538174416
933.26,0.576276343548675
933.35,0.574013566143671
933.43,0.578130036232223
933.52,0.574609165174181
933.61,0.578503209569759
933.7,0.572428346476903
933.78,0.573717975729742
933.87,0.569293933862159
933.96,0.573489018751733
934.05,0.567500296343774
934.13,0.576006819383988
934.22,0.570796624815328
934.31,0.572680258379499
934.39,0.568777831081007
934.48,0.56831863321981
934.57,0.563302736979993
934.66,0.570459604477501
934.74,0.565762511428782
934.83,0.570038238569563
934.92,0.56385931771838
935,0.568251449429564
935.09,0.560757304762482
935.18,0.565675937779797
935.27,0.556515986137384
935.35,0.561723505360795
935.44,0.558098845834302
935.53,0.562531624039492
935.61,0.560541037798397
935.7,0.562509125958752
935.79,0.557438161941671
935.87,0.559563698344355
935.96,0.556013210387969
936.05,0.558256027022139
936.14,0.553846665222919
936.22,0.554601406496838
936.31,0.552749732832314
936.4,0.555632434470363
936.48,0.550945884605814
936.57,0.552799906254886
936.66,0.548675379539196
936.75,0.555295005757147
936.83,0.548683832791751
936.92,0.549258074096135
937.01,0.546294292465258
937.09,0.549953177025683
937.18,0.545339085977053
937.27,0.550198914034791
937.35,0.543034563336059
937.44,0.545434685996945
937.53,0.540073840686956
937.61,0.543294133691394
937.7,0.543497706558089
937.79,0.543085052982083
937.88,0.538034792042658
937.96,0.539312731579631
938.05,0.537723515036965
938.14,0.535833677818964
938.22,0.531000028304543
938.31,0.536915539558583
938.4,0.536118025517608
938.48,0.539614846441732
938.57,0.536633496038285
938.66,0.541733472725187
938.74,0.533727496941238
938.83,0.538920681120568
938.92,0.53264712591736
939.01,0.535624466793809
939.09,0.528828427872415
939.18,0.529199251181895
939.27,0.524284307033325
939.35,0.53144330612297
939.44,0.523890367654343
939.53,0.525916148409124
939.61,0.525326340340914
939.7,0.522971800906634
939.79,0.5221844635062
939.87,0.530106598347272
939.96,0.521207480575826
940.05,0.523825371494948
940.13,0.520449554209908
940.22,0.522483830718211
940.31,0.520596969435299
940.39,0.524719210493782
940.48,0.519958996124842
940.57,0.526275399936286
940.65,0.523270830324152
940.74,0.525380549720145
940.83,0.519398974367048
940.91,0.519973803063841
941,0.515608686685606
941.09,0.519917506674199
941.17,0.518418781044085
941.26,0.520589619619114
941.35,0.520229098073023
941.43,0.519815364882179
941.52,0.518877587763682
941.61,0.521118177971404
941.69,0.515047971705973
941.78,0.514728661990067
941.87,0.510753320601043
941.95,0.513783253753099
942.04,0.50967125118665
942.13,0.512792250988261
942.21,0.511941823222914
942.3,0.513153231501216
942.39,0.507908034432075
942.47,0.510544049053451
942.56,0.505923106185251
942.65,0.511089787999481
942.73,0.503915225052652
942.82,0.506633567975231
942.91,0.505332912171053
942.99,0.507362430830945
943.08,0.502171553664965
943.17,0.509243192328158
943.25,0.501729391606459
943.34,0.505889723498923
943.43,0.503447341850741
943.51,0.503384659340747
943.6,0.496380038846253
943.69,0.500248739446407
943.77,0.493095248492303
943.86,0.495481033382168
943.94,0.489298282133779
944.03,0.491681174979767
944.12,0.484844594353015
944.2,0.491878287117442
944.29,0.488656870405457
944.38,0.492845364714407
944.46,0.492378434951416
944.55,0.496397644500911
944.64,0.492844603315753
944.72,0.49139054361535
944.81,0.492884649429304
944.9,0.4941952181291
944.98,0.488460807237248
945.07,0.491329311778103
945.15,0.489168097245784
945.24,0.486213185936716
945.33,0.481814389908079
945.41,0.487846520006761
945.5,0.479043158180097
945.59,0.481885350877797
945.67,0.479483362206426
945.76,0.482194401597628
945.85,0.48016626924903
945.93,0.484541091360138
946.02,0.480164080969626
946.1,0.482748602462779
946.19,0.476398623954666
946.28,0.477747271212613
946.36,0.472008009830918
946.45,0.475280453864545
946.54,0.473116496446058
946.62,0.472365886103525
946.71,0.468226332438954
946.79,0.474776887075134
946.88,0.47179275090892
946.97,0.474249976856601
947.05,0.471014745606265
947.14,0.472206246661333
947.23,0.462961622635741
947.31,0.467026606419529
947.4,0.46222518184187
947.48,0.465670320059648
947.57,0.466064841499764
947.66,0.469455573744779
947.74,0.465389545836654
947.83,0.465315793822838
947.92,0.463185643553534
948,0.462392404195243
948.09,0.461772030567112
948.17,0.46301188953657
948.26,0.458029128732016
948.35,0.462550726730371
948.43,0.457229790599102
948.52,0.461157938445241
948.6,0.453458722601673
948.69,0.458666241411388
948.78,0.453664352217282
948.86,0.458358586162561
948.95,0.45620065646519
949.04,0.460503283529237
949.12,0.45432041118455
949.21,0.458558915533055
949.29,0.455120919058683
949.38,0.457312573494311
949.47,0.452742392976334
949.55,0.455868793236973
949.64,0.451011205438565
949.72,0.446803766268264
949.81,0.449800600216485
949.9,0.452358371081468
949.98,0.447933356533482
950.07,0.453946766935076
950.15,0.448237426922997
950.24,0.445741120078251
950.33,0.447528611587719
950.41,0.453932390723785
950.5,0.447254546278304
950.58,0.44761089106896
950.67,0.446646428517885
950.76,0.445452500930954
950.84,0.440631155866248
950.93,0.442476683943133
951.01,0.441450222879755
951.1,0.444573998062133
951.19,0.440181758409333
951.27,0.444286008777641
951.36,0.439060328249483
951.44,0.443178926539378
951.53,0.438671139111668
951.62,0.442706662876249
951.7,0.437930601314532
951.79,0.439110703486258
951.87,0.431020974743703
951.96,0.43438250754393
952.04,0.428436849010781
952.13,0.430073159877693
952.22,0.423234955306793
952.3,0.429536834608868
952.39,0.426471411652677
952.47,0.430679125211496
952.56,0.426417497334775
952.65,0.427742994803154
952.73,0.422504665842917
952.82,0.424765203107159
952.9,0.422253695431299
952.99,0.426877537848794
953.07,0.421758945401842
953.16,0.424689974039169
953.25,0.419195841208093
953.33,0.422531766201943
953.42,0.420382314368086
953.5,0.42408672149908
953.59,0.419963454002839
953.68,0.425349866875677
953.76,0.421149891477248
953.85,0.421137191532801
953.93,0.41914060530184
954.02,0.424424921310579
954.1,0.417813669812642
954.19,0.419121673985351
954.28,0.412785307294347
954.36,0.414785494864827
954.45,0.411380677967434
954.53,0.411938564942327
954.62,0.410402847906679
954.7,0.413235746576494
954.79,0.408685269472556
954.88,0.411595078525261
954.96,0.407075309160712
955.05,0.411575024949483
955.13,0.41074896673581
955.22,0.413626550902244
955.3,0.411509486391205
955.39,0.409576886099638
955.47,0.40707423976701
955.56,0.411982351529339
955.65,0.404547017067337
955.73,0.407112441532591
955.82,0.405162928176113
955.9,0.406028458935103
955.99,0.401776086863341
956.07,0.407018501388441
956.16,0.402203694375711
956.25,0.404677648592899
956.33,0.399702091557582
956.42,0.403997311259923
956.5,0.402148351970864
956.59,0.402476119540471
956.67,0.398411795992686
956.76,0.400262100795736
956.84,0.398274312142483
956.93,0.399292349889057
957.01,0.394468912908856
957.1,0.397600790308636
957.19,0.396096306880929
957.27,0.397956431380326
957.36,0.391244940765402
957.44,0.392673136858457
957.53,0.39025869742457
957.61,0.392814606406132
957.7,0.389046504869847
957.78,0.394298319425336
957.87,0.388820105961412
957.95,0.393196257187032
958.04,0.390164875231444
958.13,0.392017801946119
958.21,0.394932716905008
958.3,0.39549274636559
958.38,0.389486287345459
958.47,0.3922433731742
958.55,0.388654448956011
958.64,0.389872539857229
958.72,0.382603352072628
958.81,0.385835678788154
958.89,0.379485635639222
958.98,0.385908428432306
959.06,0.382549233194331
959.15,0.385845044358928
959.24,0.380639122884542
959.32,0.382243842421201
959.41,0.380494984850697
959.49,0.383939495553066
959.58,0.377300061037438
959.66,0.380141877127261
959.75,0.378065943941106
959.83,0.380713521708176
959.92,0.375937697186368
960,0.378272351346487
960.09,0.375301615126408
960.17,0.379078800544322
960.26,0.376090846044835
960.34,0.37756501487607
960.43,0.372312164440919
960.51,0.37504056465137
960.6,0.374659869856264
960.69,0.375043849517447
960.77,0.371582664577749
960.86,0.375184425034404
960.94,0.371477266946967
961.03,0.372964758221184
961.11,0.372414500044698
961.2,0.372152790748009
961.28,0.367247247068076
961.37,0.369829370653373
961.45,0.369800525705139
961.54,0.371974203800652
961.62,0.369061355435961
961.71,0.370073886650871
961.79,0.366622704869661
961.88,0.366671130688727
961.96,0.362565890382444
962.05,0.367987958234988
962.13,0.362446925476667
962.22,0.365842217305661
962.3,0.362449622500681
962.39,0.365783988400006
962.47,0.361196009214864
962.56,0.366901110070426
962.64,0.363259929480139
962.73,0.364544605714663
962.81,0.36369984995525
962.9,0.364527152727171
962.98,0.358811113759343
963.07,0.363357801474575
963.15,0.360165925983542
963.24,0.363381046747671
963.32,0.36117915692512
963.41,0.359424965065083
963.49,0.356227748030315
963.58,0.357787380211693
963.66,0.351820918298052
963.75,0.354037516331307
963.83,0.350939162884088
963.92,0.352495948412547
964,0.35068546500791
964.09,0.352861435487633
964.17,0.350987399073518
964.26,0.350087586075372
964.34,0.348511740463483
964.43,0.349212047631173
964.51,0.343626314309092
964.6,0.348909491955885
964.68,0.347267330790384
964.77,0.349168267379083
964.85,0.345188694311992
964.94,0.349152252344108
965.02,0.343738048185276
965.11,0.346581994404742
965.19,0.345527406309603
965.28,0.347847645227829
965.36,0.343038561251751
965.45,0.346605448387403
965.53,0.343537878146663
965.62,0.342265703018433
965.7,0.340621401170157
965.79,0.343557577525185
965.87,0.338969120676679
965.96,0.342023810213081
966.04,0.336371347171301
966.13,0.340912464154147
966.21,0.336732285452193
966.3,0.338471025691698
966.38,0.335635788706528
966.47,0.334051927362743
966.55,0.33058077022521
966.63,0.334905506020987
966.72,0.330334860821312
966.8,0.336243960191099
966.89,0.329692905438064
966.97,0.334251528653863
967.06,0.332592869007938
967.14,0.335882016169547
967.23,0.329496395993766
967.31,0.33182564794902
967.4,0.328571402939883
967.48,0.33373084946156
967.57,0.329091991469214
967.65,0.331698620822804
967.74,0.329063342222227
967.82,0.330886502148687
967.91,0.326693325381024
967.99,0.329025223649329
968.07,0.327423028422381
968.16,0.329722219358871
968.24,0.326677790710228
968.33,0.328502912723982
968.41,0.327704413651415
968.5,0.330090165890536
968.58,0.323525821676052
968.67,0.32894041642901
968.75,0.322018032033224
968.84,0.32311194699368
968.92,0.318675323340463
969.01,0.325456527642089
969.09,0.3174193803778
969.17,0.320797036605102
969.26,0.321850478380142
969.34,0.323332340564004
969.43,0.320429906643164
969.51,0.322570565855072
969.6,0.31779016173473
969.68,0.320843852858703
969.77,0.31475773870942
969.85,0.319414928068049
969.94,0.315620257828275
970.02,0.316463592876717
970.1,0.314452486673759
970.19,0.316323573151349
970.27,0.310759140389839
970.36,0.313967822239521
970.44,0.311046985845673
970.53,0.312467395592748
970.61,0.307692159657455
970.7,0.313237640112294
970.78,0.310322877753314
970.86,0.310369018030986
970.95,0.307549039779361
971.03,0.311298249136461
971.12,0.306491177237608
971.2,0.307773640747291
971.29,0.30592156690461
971.37,0.308128244559607
971.46,0.303532508886381
971.54,0.304892951152244
971.62,0.303509701687323
971.71,0.305594298602665
971.79,0.302180890613551
971.88,0.305258890547138
971.96,0.301730132044161
972.05,0.304510606705208
972.13,0.303199788389626
972.21,0.304987491785732
972.3,0.302414160164609
972.38,0.305867949015075
972.47,0.302263889614716
972.55,0.305795531850831
972.64,0.301692121271558
972.72,0.305033097353142
972.81,0.303456247705808
972.89,0.30668737287595
972.97,0.299983648158813
973.06,0.303303564643213
973.14,0.297763662324041
973.23,0.298589154471534
973.31,0.295220553903802
973.39,0.298235014913335
973.48,0.294276994114082
973.56,0.294880911404457
973.65,0.293382626590427
973.73,0.295707021368948
973.82,0.290695778793504
973.9,0.294815605182814
973.98,0.292183718858703
974.07,0.293849254054222
974.15,0.289422152667495
974.24,0.293445861518763
974.32,0.290753624889626
974.41,0.291036598504988
974.49,0.286849470066205
974.57,0.290616739363592
974.66,0.285338222960425
974.74,0.287324709509444
974.83,0.286375464372404
974.91,0.287201732509473
974.99,0.284409068916283
975.08,0.287976306521666
975.16,0.283916889208697
975.25,0.285570788030416
975.33,0.284749320928141
975.41,0.289528918537162
975.5,0.282981825732579
975.58,0.287553545109795
975.67,0.285444619046053
975.75,0.287667412386523
975.84,0.281420947233723
975.92,0.285389376351215
976,0.284204565099574
976.09,0.285370682042175
976.17,0.28261350887776
976.26,0.285833850862486
976.34,0.280736985542014
976.42,0.283230825541536
976.51,0.281780239527431
976.59,0.283186376182638
976.68,0.28024438060587
976.76,0.2815120424186
976.84,0.280336256727554
976.93,0.282261047056632
977.01,0.279190069225975
977.09,0.279840390187414
977.18,0.279290147642717
977.26,0.27850396201552
977.35,0.274212597681959
977.43,0.275797556056362
977.51,0.273586601255198
977.6,0.27523444864342
977.68,0.26967780469769
977.77,0.273457151895312
977.85,0.269821624850241
977.93,0.271141212291706
978.02,0.267764900820048
978.1,0.270174673434412
978.19,0.266515880083634
978.27,0.270364713358336
978.35,0.267912058497834
978.44,0.271269984195543
978.52,0.266617053051541
978.6,0.270915547695225
978.69,0.268491400665546
978.77,0.269799356989979
978.86,0.266616932703108
978.94,0.270364419077626
979.02,0.269224175777758
979.11,0.269986580633603
979.19,0.264922009023041
979.28,0.267437599430961
979.36,0.265755440236405
979.44,0.266642383676117
979.53,0.262993413841825
979.61,0.265396970550765
979.69,0.260785663082324
979.78,0.264569733608399
979.86,0.259252244770848
979.95,0.262886324264035
980.03,0.257704548691789
980.11,0.260776864879124
980.2,0.256817178134662
980.28,0.259970150630875
980.36,0.256754861830095
980.45,0.259140464880307
980.53,0.254936526106105
980.61,0.257311043046295
980.7,0.252348673964718
980.78,0.257597138453446
980.87,0.254154050487269
980.95,0.253804484721264
981.03,0.253495292495751
981.12,0.259434786022123
981.2,0.251902259630748
981.28,0.254619607039132
981.37,0.253174376284202
981.45,0.252061109499866
981.53,0.251172696546174
981.62,0.25430451714312
981.7,0.253597692362095
981.79,0.253466871283696
981.87,0.248788628113135
981.95,0.254226390780415
982.04,0.251968703699897
982.12,0.251898915062877
982.2,0.24939105979187
982.29,0.254196973780045
982.37,0.251467279889066
982.45,0.252388864357161
982.54,0.248774172030734
982.62,0.252692731621841
982.7,0.247266033166271
982.79,0.24958481035264
982.87,0.247887064079638
982.95,0.24999009450078
983.04,0.247364152131463
983.12,0.248086939733419
983.21,0.245299763680067
983.29,0.243945120666292
983.37,0.240654278845448
983.46,0.245076301335571
983.54,0.241854704841793
983.62,0.244775909475478
983.71,0.239914644635412
983.79,0.244221626126655
983.87,0.241734925199883
983.96,0.241440372417463
984.04,0.238109662997762
984.12,0.24079448940004
984.21,0.239174769897529
984.29,0.239108286422963
984.37,0.236788994872789
984.46,0.240400959627865
984.54,0.236304301800184
984.62,0.237548622232743
984.71,0.235306909634998
984.79,0.237922414053122
984.87,0.234606682859183
984.96,0.23654483584305
985.04,0.234983473051119
985.12,0.235559486093919
985.21,0.232897489263926
985.29,0.236742806177565
985.37,0.234752377732417
985.46,0.233648789935185
985.54,0.231364678390821
985.62,0.235829107409084
985.71,0.231790619565175
985.79,0.231796399590319
985.87,0.229745752813627
985.96,0.232383651700413
986.04,0.227288817547901
986.12,0.231447716825699
986.21,0.228112376726857
986.29,0.232464133302172
986.37,0.227113271028348
986.46,0.232630961728353
986.54,0.227369526893415
986.62,0.228841275086535
986.7,0.226860117516799
986.79,0.228155846837438
986.87,0.224858729318227
986.95,0.22708782535593
987.04,0.222762447622965
987.12,0.227444964050427
987.2,0.223091239118366
987.29,0.226500563929181
987.37,0.224315248308144
987.45,0.225519139453028
987.54,0.221343882818162
987.62,0.223313717564962
987.7,0.219009353613496
987.79,0.222743902237182
987.87,0.219018406223044
987.95,0.223144780296026
988.03,0.220211170711066
988.12,0.22037534999784
988.2,0.215132763388157
988.28,0.219996077857077
988.37,0.216901136704714
988.45,0.217460121544719
988.53,0.212678486936586
988.62,0.218286992147554
988.7,0.214300072401187
988.78,0.215627766506923
988.87,0.214836267796439
988.95,0.217635042528407
989.03,0.213124392807941
989.11,0.215666925444673
989.2,0.212396873241858
989.28,0.215520875514658
989.36,0.211948940349931
989.45,0.214758828512667
989.53,0.210665964315608
989.61,0.212387991286176
989.69,0.210180725135414
989.78,0.212561639563408
989.86,0.210515633412458
989.94,0.210568093614669
990.03,0.208619758402855
990.11,0.211403873757393
990.19,0.210198487975374
990.28,0.211626558218608
990.36,0.209690116723714
990.44,0.212367632591233
990.52,0.208989225755884
990.61,0.210587097070382
990.69,0.209885527358423
990.77,0.213863891010715
990.86,0.208001536452301
990.94,0.211643108672333
991.02,0.20678851264494
991.1,0.207713154167169
991.19,0.205172383749456
991.27,0.205947380649885
991.35,0.204814278951532
991.43,0.206202277611821
991.52,0.203601224715586
991.6,0.205466947590414
991.68,0.205709535338324
991.77,0.205831003992823
991.85,0.200579904689515
991.93,0.203875854671907
992.01,0.202587523962031
992.1,0.203416967001792
992.18,0.199961795811625
992.26,0.2021670207685
992.35,0.199419595790547
992.43,0.200539945861619
992.51,0.197602926477943
992.59,0.20019658052492
992.68,0.197092505389158
992.76,0.196598599182996
992.84,0.196478776496848
992.92,0.19919321864214
993.01,0.196584215228382
993.09,0.199597861864963
993.17,0.198171733072987
993.25,0.199720772842906
993.34,0.196130742138676
993.42,0.197774733483196
993.5,0.194918721536906
993.59,0.196067606215645
993.67,0.193910830727925
993.75,0.195494387044981
993.83,0.195164638050173
993.92,0.19770889513826
994,0.193132601376113
994.08,0.19734286747072
994.16,0.193224115958308
994.25,0.193624976244701
994.33,0.190858518429172
994.41,0.195252801249402
994.49,0.19140179598826
994.58,0.191719259395984
994.66,0.187882753454334
994.74,0.190671659333069
994.82,0.187519920543563
994.91,0.189316102676679
994.99,0.187246104958449
995.07,0.190780016039471
995.15,0.187432796580958
995.24,0.19023578215537
995.32,0.190444183357931
995.4,0.192062135490426
995.48,0.188156985104327
995.57,0.191483433144526
995.65,0.19082599950315
995.73,0.191278923828475
995.81,0.185751588026607
995.9,0.189748194088308
995.98,0.185754131362141
996.06,0.185913710709117
996.14,0.184994639267067
996.23,0.187780188950066
996.31,0.181525478721227
996.39,0.183911398075614
996.47,0.177884058860828
996.56,0.183629312051085
996.64,0.181004714349001
996.72,0.182993662633685
996.8,0.181217608734554
996.88,0.182291904077568
996.97,0.180495587965238
997.05,0.184641616810013
997.13,0.180423794536712
997.21,0.183085699203781
997.3,0.180840790730205
997.38,0.182357988188982
997.46,0.179955122289563
997.54,0.182769400909343
997.63,0.179230393143898
997.71,0.179942306632329
997.79,0.177341115586218
997.87,0.180264636924476
997.95,0.176930135561241
998.04,0.178254471033579
998.12,0.176849755553535
998.2,0.178018949471448
998.28,0.176418711157937
998.37,0.177636633103896
998.45,0.175547550792352
998.53,0.177493198926622
998.61,0.175757874886954
998.69,0.180098982126186
998.78,0.177739493396887
998.86,0.176349304886601
998.94,0.173374652743346
999.02,0.174799776466025
999.11,0.171514473580868
999.19,0.172738309214683
999.27,0.17026701503749
999.35,0.17365614969331
999.43,0.16801892415766
999.52,0.16899246093857
999.6,0.168942453183609
999.68,0.171670165377393
999.76,0.169607328564459
999.84,0.172789331244263
999.93,0.167914224186762
1000.01,0.17168566291388
1000.09,0.166126436942658
1000.17,0.168891471331963
1000.25,0.167214064199468
1000.34,0.169677022936624
1000.42,0.166705756078931
1000.5,0.168452883540284
1000.58,0.167270091884553
1000.67,0.168217753284068
1000.75,0.164967696546753
1000.83,0.166806818793441
1000.91,0.163191671077693
1000.99,0.167641457017824
1001.08,0.164975038262043
1001.16,0.166517996095765
1001.24,0.164136391822113
1001.32,0.166239993174902
1001.4,0.162972900789676
1001.49,0.166407532388045
1001.57,0.161035949234692
1001.65,0.162875035394978
1001.73,0.159573562902963
1001.81,0.163221025916106
1001.89,0.160000099512121
1001.98,0.162738920840039
1002.06,0.158135193342978
1002.14,0.162113217771913
1002.22,0.158044291659791
1002.3,0.160133467892985
1002.39,0.156452610529734
1002.47,0.160111462663045
1002.55,0.156218027796537
1002.63,0.156783520812887
1002.71,0.155417129078786
1002.8,0.160165373117304
1002.88,0.155159500260385
1002.96,0.157602237213225
1003.04,0.154531156902256
1003.12,0.157798933989719
1003.2,0.154207568028132
1003.29,0.156532313662501
1003.37,0.1529266307682
1003.45,0.157048148500409
1003.53,0.152209275216954
1003.61,0.156488870553996
1003.7,0.153492609065381
1003.78,0.157030508777713
1003.86,0.153856156907534
1003.94,0.156724247966137
1004.02,0.153302724387303
1004.1,0.155549892525361
1004.19,0.151513171261752
1004.27,0.154007545769251
1004.35,0.149686396323969
1004.43,0.152833279958663
1004.51,0.149227937126737
1004.59,0.151802779862542
1004.68,0.151043126583794
1004.76,0.150976317996136
1004.84,0.146089069491652
1004.92,0.151567073846584
1005,0.147136909119933
1005.08,0.14972608994118
1005.17,0.146393919802648
1005.25,0.15046626916122
1005.33,0.148338577806272
1005.41,0.150283869963133
1005.49,0.146736282296105
1005.57,0.147028834263082
1005.66,0.145087966713476
1005.74,0.147622489708439
1005.82,0.144876922042299
1005.9,0.145870819833462
1005.98,0.143892720917512
1006.06,0.14574315192671
1006.15,0.144141531815181
1006.23,0.144839388640454
1006.31,0.143223497370729
1006.39,0.14445021561566
1006.47,0.14172778178699
1006.55,0.145753962237694
1006.64,0.142275576930366
1006.72,0.1443444270763
1006.8,0.142044555792589
1006.88,0.141564037325261
1006.96,0.139606224195673
1007.04,0.141508371896316
1007.12,0.139257423204806
1007.21,0.14167684007073
1007.29,0.138609677022901
1007.37,0.141833892542769
1007.45,0.140758487165773
1007.53,0.141551229870957
1007.61,0.1393463419586
1007.69,0.139797082537117
1007.78,0.137336377683794
1007.86,0.139649492485221
1007.94,0.13728946388309
1008.02,0.138826593078372
1008.1,0.137906458441589
1008.18,0.139365986624765
1008.26,0.137652649900349
1008.35,0.139183971318037
1008.43,0.137128656202079
1008.51,0.139556702453759
1008.59,0.13571382345472
1008.67,0.137900458135506
1008.75,0.137402849901285
1008.83,0.138310587611101
1008.92,0.135758104472202
1009,0.13750215085879
1009.08,0.135423935296427
1009.16,0.138007150398018
1009.24,0.135069669683904
1009.32,0.138262135999902
1009.4,0.134752784717638
1009.48,0.136893418481874
1009.57,0.132513283783354
1009.65,0.134438383576619
1009.73,0.132340141008781
1009.81,0.134492269658716
1009.89,0.131586509476759
1009.97,0.134422598774605
1010.05,0.130953600780173
1010.13,0.133864403475619
1010.22,0.129734425911109
1010.3,0.133392402213339
1010.38,0.130110253077669
1010.46,0.131362893921522
1010.54,0.128822197955796
1010.62,0.132169794380636
1010.7,0.128488247501531
1010.78,0.129706411716359
1010.87,0.127461715695795
1010.95,0.130067884296891
1011.03,0.128030148220893
1011.11,0.128736801305922
1011.19,0.126834147968622
1011.27,0.129515026901211
1011.35,0.126580738544589
1011.43,0.129606455031539
1011.51,0.124620390822235
1011.6,0.128462194275336
1011.68,0.125481969808431
1011.76,0.126329456585078
1011.84,0.124944125532993
1011.92,0.126754285515935
1012,0.123236733166042
1012.08,0.125391732256878
1012.16,0.123515039230252
1012.24,0.124598179592889
1012.33,0.122474345893577
1012.41,0.122718399608409
1012.49,0.121324504366371
1012.57,0.123468013016036
1012.65,0.120214915259581
1012.73,0.123427400455791
1012.81,0.118309365414619
1012.89,0.120875296158465
1012.97,0.120297533540824
1013.05,0.120906560454554
1013.14,0.119449475292711
1013.22,0.12261885239924
1013.3,0.119549731539423
1013.38,0.120515091769758
1013.46,0.117687366999111
1013.54,0.121290650157329
1013.62,0.116195713028782
1013.7,0.118549006708813
1013.78,0.116902335645937
1013.86,0.119086091829014
1013.94,0.116002665790943
1014.03,0.118936400698325
1014.11,0.116220800267142
1014.19,0.118530997361857
1014.27,0.115691848446198
1014.35,0.11869456603925
1014.43,0.115904278995767
1014.51,0.117935751475342
1014.59,0.114570775247799
1014.67,0.116452830151875
1014.75,0.114220027997229
1014.83,0.116918161733122
1014.91,0.113061842133138
1015,0.117170857509679
1015.08,0.113521442341316
1015.16,0.115627643561743
1015.24,0.113630498776565
1015.32,0.114308579497546
1015.4,0.113414864349872
1015.48,0.115687737008387
1015.56,0.112391794311302
1015.64,0.114371576694103
1015.72,0.113383051885889
1015.8,0.115434676170243
1015.88,0.111989331526477
1015.97,0.11310132918873
1016.05,0.111908803134881
1016.13,0.112834035370084
1016.21,0.109049638890299
1016.29,0.11261560445096
1016.37,0.110138648463435
1016.45,0.111535143963965
1016.53,0.108443271311862
1016.61,0.109770809835201
1016.69,0.108670263651672
1016.77,0.109960453385908
1016.85,0.107951895106445
1016.93,0.108426023947328
1017.01,0.106089895473189
1017.09,0.109917378791209
1017.18,0.105658901799948
1017.26,0.107831269488256
1017.34,0.105885945886356
1017.42,0.108799678598399
1017.5,0.105044068103957
1017.58,0.108299752743874
1017.66,0.103903359771887
1017.74,0.107509617384995
1017.82,0.103041390250121
1017.9,0.107055691458255
1017.98,0.106222427313769
1018.06,0.105630538560646
1018.14,0.102900776256957
1018.22,0.105662255361163
1018.3,0.101998611316205
1018.38,0.105625020921294
1018.46,0.101599318219638
1018.54,0.105711359338305
1018.63,0.10249024645454
1018.71,0.104800614862274
1018.79,0.102852456499597
1018.87,0.104533536841406
1018.95,0.10187562477086
1019.03,0.105263578714582
1019.11,0.102548198707474
1019.19,0.104996525426493
1019.27,0.102189193904058
1019.35,0.10494787122898
1019.43,0.101539973900087
1019.51,0.104143491614119
1019.59,0.100258586698695
1019.67,0.103140847233123
1019.75,0.100023173182813
1019.83,0.102405449881893
1019.91,0.100218801861715
1019.99,0.103014880921677
1020.07,0.0990121509986412
1020.15,0.0990410094819018
1020.23,0.0973744723408187
1020.31,0.100949308521587
1020.39,0.0953948425526908
1020.47,0.100984062868776
1020.56,0.0982227172858039
1020.64,0.101401033158218
1020.72,0.0987776007120892
1020.8,0.0991829225421997
1020.88,0.0976945528272247
1020.96,0.0988814976575103
1021.04,0.0967666841474995
1021.12,0.0993387137908593
1021.2,0.0966606728405348
1021.28,0.0986522466594432
1021.36,0.0957098286060415
1021.44,0.0979715337568626
1021.52,0.0968423690996336
1021.6,0.0987650011776307
1021.68,0.0949317464533428
1021.76,0.0969089869126852
1021.84,0.0957252242209351
1021.92,0.0972628101159743
1022,0.0942197916271415
1022.08,0.0991368161879651
1022.16,0.0968869282514424
1022.24,0.0978383097597077
1022.32,0.0953930054694023
1022.4,0.0967467098122258
1022.48,0.0953905289027247
1022.56,0.0966206754074433
1022.64,0.0942472019374517
1022.72,0.0958164549654685
1022.8,0.0944114182937005
1022.88,0.0953053586452611
1022.96,0.0929117561833922
1023.04,0.0924378030044127
1023.12,0.0928604589172632
1023.2,0.0949843808598589
1023.28,0.091024567561467
1023.36,0.0923380986410811
1023.44,0.0894961628800572
1023.52,0.0913269823737193
1023.6,0.0884735401498768
1023.68,0.089539942087561
1023.76,0.0879969397909157
1023.84,0.0901036701680941
1023.92,0.0883278873265167
1024,0.0895638659209256
1024.08,0.0874432175202159
1024.16,0.0912426708897201
1024.24,0.0878201675941656
1024.32,0.0888176384413723
1024.4,0.0893265605329189
1024.48,0.091171838585925
1024.56,0.087737811687936
1024.64,0.0909654413081833
1024.72,0.0874106955288628
1024.8,0.0914976458448752
1024.88,0.0878537945783269
1024.96,0.0897450988595645
1025.04,0.0862420482627505
1025.12,0.0909440774944443
1025.2,0.0862770649965676
1025.28,0.0891771569185295
1025.36,0.0850216810273189
1025.44,0.0870049939317658
1025.52,0.0843841978219228
1025.6,0.086528470003067
1025.68,0.084301398876767
1025.76,0.0857358084173587
1025.84,0.0838133713591603
1025.92,0.0858427183632297
1026,0.0831270380962457
1026.08,0.0856823528103642
1026.16,0.083294301411924
1026.24,0.0849471806072342
1026.32,0.0829873531458986
1026.4,0.0852179400567399
1026.48,0.0848187419286658
1026.56,0.0853392592873563
1026.64,0.0823935910757583
1026.72,0.0853341282071315
1026.8,0.082359701966124
1026.88,0.0849754858929988
1026.96,0.0817624855145637
1027.04,0.0827917465610258
1027.12,0.0826138594474335
1027.2,0.0830453031769823
1027.28,0.0803639849892655
1027.36,0.0830488160864777
1027.44,0.0794649734910293
1027.52,0.0825493462343891
1027.6,0.0789712267458456
1027.68,0.0805610089104381
1027.76,0.0803313892898167
1027.84,0.0802972216812359
1027.92,0.0788230321133859
1028,0.0813757426394186
1028.08,0.0778550320670565
1028.15,0.0799851953735463
1028.23,0.07694447157759
1028.31,0.0800232314643142
1028.39,0.0780776215707703
1028.47,0.0792507016498677
1028.55,0.076106454041476
1028.63,0.0791450299784821
1028.71,0.0764807871825578
1028.79,0.0781454172741517
1028.87,0.0758404567473935
1028.95,0.0789567037908668
1029.03,0.076850069259459
1029.11,0.079012024767622
1029.19,0.0756923388822133
1029.27,0.0780267835886464
1029.35,0.0757821385899376
1029.43,0.0779441373046927
1029.51,0.0747738710997472
1029.59,0.0755589744461026
1029.67,0.0741565355941859
1029.75,0.0769854801880804
1029.83,0.0735794413283176
1029.91,0.0739477429736918
1029.99,0.0734709090787591
1030.06,0.0757881804836928
1030.14,0.0725574348063612
1030.22,0.0757486722518965
1030.3,0.0732164472662529
1030.38,0.0767009426779539
1030.46,0.0720126673225635
1030.54,0.0749653710913741
1030.62,0.0726458311772857
1030.7,0.0746096559662063
1030.78,0.0727874302600911
1030.86,0.0733800074308638
1030.94,0.0716123821667805
1031.02,0.0732140233850948
1031.1,0.0728952971561729
1031.18,0.0724270777524189
1031.26,0.070130444822599
1031.34,0.0715050047029198
1031.42,0.0705164216005987
1031.49,0.0711578537454208
1031.57,0.0678463283214862
1031.65,0.0717508541011385
1031.73,0.0690430395973068
1031.81,0.0711680144780768
1031.89,0.0689949177782817
1031.97,0.0711917944855213
1032.05,0.0699933073038667
1032.13,0.0703559494182008
1032.21,0.0687146913352222
1032.29,0.071601637726046
1032.37,0.0679075671135245
1032.45,0.0733591286887704
1032.53,0.0687622456926545
1032.6,0.0702087770998349
1032.68,0.0687486088910044
1032.76,0.0699766977959113
1032.84,0.0680996150599318
1032.92,0.0702851567943813
1033,0.0678818948784567
1033.08,0.0709904118275597
1033.16,0.0677734363472211
1033.24,0.0691022082860862
1033.32,0.0668426539859316
1033.4,0.0682289458811248
1033.48,0.0656962085541144
1033.56,0.0682182683766108
1033.63,0.0672122611231669
1033.71,0.0701512896987685
1033.79,0.0672073326858325
1033.87,0.0678460844859814
1033.95,0.0657675802516743
1034.03,0.0677606629696402
1034.11,0.0655096091226882
1034.19,0.0679340389342332
1034.27,0.0645385184184198
1034.35,0.068121804332618
1034.43,0.0641310126793112
1034.51,0.0660637850657259
1034.58,0.0635969280490701
1034.66,0.0660818340029069
1034.74,0.0643310245527493
1034.82,0.0667814636375614
1034.9,0.062787647504867
1034.98,0.0661985790868471
1035.06,0.0642406838492055
1035.14,0.0659521420374518
1035.22,0.0643335563243085
1035.3,0.066545417723396
1035.37,0.0631811878930889
1035.45,0.0655598668641816
1035.53,0.0623077997896424
1035.61,0.0651782703927067
1035.69,0.0633353122213663
1035.77,0.0652424259708388
1035.85,0.0628530333296411
1035.93,0.063957803083714
1036.01,0.0619393632622211
1036.09,0.0639788191614043
1036.16,0.061825131984997
1036.24,0.0628292725155113
1036.32,0.0599882477175372
1036.4,0.0637677300683263
1036.48,0.0597158719551097
1036.56,0.0632308137007629
1036.64,0.0593169484941475
1036.72,0.0613795209897717
1036.8,0.0588806308878894
1036.87,0.0599624220884434
1036.95,0.0588210284421107
1037.03,0.0614502647001103
1037.11,0.0598084132345039
1037.19,0.0606429487271162
1037.27,0.058273386415938
1037.35,0.0608969496291533
1037.43,0.0580268874884233
1037.51,0.0602132954360748
1037.58,0.056920318606122
1037.66,0.0616465480098603
1037.74,0.0586124631801333
1037.82,0.060143132862298
1037.9,0.0572930833488157
1037.98,0.0593961756077249
1038.06,0.0573514822094831
1038.14,0.0613530716808676
1038.21,0.0573206632914694
1038.29,0.0587766120339572
1038.37,0.0575487911692415
1038.45,0.0589127179439187
1038.53,0.0559071650579093
1038.61,0.0587755586959048
1038.69,0.0573607263693379
1038.77,0.0590612665789616
1038.84,0.0554169549446924
1038.92,0.0566457331538657
1039,0.0543563307013482
1039.08,0.0589796536665573
1039.16,0.0547052831770234
1039.24,0.0569495996181698
1039.32,0.0541106656453279
1039.39,0.0563060537342551
1039.47,0.0534843354650974
1039.55,0.0553576034679548
1039.63,0.0524926814470163
1039.71,0.0555196132784672
1039.79,0.0533710036375567
1039.87,0.0556960191833653
1039.95,0.0523275412551834
1040.02,0.0547359657268774
1040.1,0.0529008817438782
1040.18,0.0548001712440872
1040.26,0.0523349823277231
1040.34,0.0540041344124498
1040.42,0.0522783191612262
1040.5,0.0560247969928804
1040.57,0.0526013897274717
1040.65,0.0557120744152102
1040.73,0.0521246674825482
1040.81,0.0543348294407067
1040.89,0.0520708917926246
1040.97,0.0530956528495786
1041.04,0.052042959475591
1041.12,0.0545092824055168
1041.2,0.0526941437236128
1041.28,0.0551288668094524
1041.36,0.0516850929054426
1041.44,0.053811967417783
1041.52,0.0514299060275802
1041.59,0.0527539428204072
1041.67,0.0507660534804791
1041.75,0.053517421947816
1041.83,0.0499151983617678
1041.91,0.0531471670103613
1041.99,0.0495161025847622
1042.06,0.0508517112442945
1042.14,0.050288148216465
1042.22,0.05199506688335
1042.3,0.0486631523522788
1042.38,0.0514233403342406
1042.46,0.0484510827722796
1042.53,0.0516976084946602
1042.61,0.0481295986414604
1042.69,0.0523748475974418
1042.77,0.0501018189717786
1042.85,0.0511958792060092
1042.93,0.0503301008941673
1043,0.0514701734660682
1043.08,0.0487135620232438
1043.16,0.0507976832095229
1043.24,0.0475805336175178
1043.32,0.0510893186802579
1043.4,0.0480447984294053
1043.47,0.0512916888443297
1043.55,0.0488169876839692
1043.63,0.050227745514286
1043.71,0.0475918118759342
1043.79,0.0502689983650763
1043.87,0.0473365592857814
1043.94,0.0495963896636975
1044.02,0.0469776269243907
1044.1,0.0487424867115378
1044.18,0.0476434320666764
1044.26,0.0474942193198169
1044.34,0.0470197460186087
1044.41,0.0493804536298426
1044.49,0.0467615470203218
1044.57,0.0484487941701942
1044.65,0.0459276988012127
1044.73,0.0484036921019361
1044.8,0.0451686093617442
1044.88,0.0475554071502588
1044.96,0.0446715053795648
1045.04,0.0475649898190241
1045.12,0.0451819225070429
1045.19,0.047226195569572
1045.27,0.0445062711175835
1045.35,0.0472242667450648
1045.43,0.0458198955532958
1045.51,0.0480773512291302
1045.59,0.0443209461194372
1045.66,0.0468345950497169
1045.74,0.0442670937126188
1045.82,0.0473134540890865
1045.9,0.0440866258891098
1045.98,0.0468278764884363
1046.05,0.0447611660919322
1046.13,0.0462760059013269
1046.21,0.0446181383174285
1046.29,0.0462107462404155
1046.37,0.0434472584072991
1046.44,0.0452269762815773
1046.52,0.0434250759834051
1046.6,0.045800888502697
1046.68,0.044309917906227
1046.76,0.0457241120569523
1046.83,0.0437234155960719
1046.91,0.0460273493792825
1046.99,0.0443981150414657
1047.07,0.0456885585741816
1047.15,0.0433048775510217
1047.22,0.0448457924124263
1047.3,0.0422518541213983
1047.38,0.045192297153186
1047.46,0.0435399220633849
1047.53,0.0444186044263827
1047.61,0.0425646171084112
1047.69,0.044223751282045
1047.77,0.0422545370696432
1047.85,0.044717143213097
1047.92,0.0419530298158069
1048,0.045020435158544
1048.08,0.0425327879663164
1048.16,0.044336026200367
1048.24,0.0431298551987097
1048.31,0.0436400118247295
1048.39,0.0423733320243143
1048.47,0.0434134638259129
1048.55,0.0413749208946616
1048.62,0.0443129333232989
1048.7,0.0412404252994545
1048.78,0.0450685043004772
1048.86,0.041751129197626
1048.94,0.0429122946906468
1049.01,0.0410550111574753
1049.09,0.0425675796558348
1049.17,0.0403819664860618
1049.25,0.0430034654621395
1049.32,0.039965184969871
1049.4,0.0433413824895157
1049.48,0.0405796142430006
1049.56,0.0435843276778624
1049.64,0.0411307065402339
1049.71,0.0409784567797131
1049.79,0.0398353762136763
1049.87,0.0422381906070307
1049.95,0.039064310059126
1050.02,0.0417407684285099
1050.1,0.0400474517641965
1050.18,0.04174750230903
1050.26,0.0399878926265986
1050.33,0.0418665274501536
1050.41,0.0390150794141262
1050.49,0.0412596666774774
1050.57,0.0387768907885506
1050.64,0.040321424365975
1050.72,0.0378328225560301
1050.8,0.0409821092353989
1050.88,0.0390926952545343
1050.96,0.0403809598619991
1051.03,0.0380016662524602
1051.11,0.0401600244865946
1051.19,0.0370460579744722
1051.27,0.0407516173912284
1051.34,0.0379688601744568
1051.42,0.0403145991599932
1051.5,0.0373531974713899
1051.58,0.0398891502618744
1051.65,0.0381002987751332
1051.73,0.0384580455329789
1051.81,0.0370178390235183
1051.89,0.0396345899817527
1051.96,0.0367363091072687
1052.04,0.0394971911579558
1052.12,0.0367545003865941
1052.2,0.0394981633740344
1052.27,0.0361905655585244
1052.35,0.0384501797902751
1052.43,0.03646521622164
1052.51,0.03821483770651
1052.58,0.0368205144599162
1052.66,0.0388353020580714
1052.74,0.0369251771965657
1052.81,0.0380004917606529
1052.89,0.0355398833903658
1052.97,0.036814116118368
1053.05,0.0362064978214087
1053.12,0.0377372061225761
1053.2,0.0351439072254034
1053.28,0.0374038482253578
1053.36,0.0350266347383731
1053.43,0.0366409885513028
1053.51,0.0343761128840874
1053.59,0.037440279501198
1053.67,0.0360111928334811
1053.74,0.0363978144176943
1053.82,0.0358737108795442
1053.9,0.0372000284246022
1053.97,0.0356324617188512
1054.05,0.0389072887986615
1054.13,0.0348983705758583
1054.21,0.03670034806119
1054.28,0.0352652939464866
1054.36,0.0372719800404966
1054.44,0.034101663680869
1054.52,0.0367454401355204
1054.59,0.0339698995598514
1054.67,0.037340170248519
1054.75,0.0339736742673327
1054.82,0.0359199065969131
1054.9,0.0338909135932033
1054.98,0.0352722243394035
1055.06,0.0329894808441315
1055.13,0.0357804868346267
1055.21,0.0331056187224887
1055.29,0.0348242987853865
1055.36,0.0328931050159285
1055.44,0.0356670136078848
1055.52,0.032383682905637
1055.6,0.0353767763773589
1055.67,0.0328861636108548
1055.75,0.0350028560006919
1055.83,0.033299349334645
1055.9,0.0344443920484028
1055.98,0.0323227598278467
1056.06,0.0346673414189713
1056.14,0.0323524709724809
1056.21,0.0350430671160671
1056.29,0.0325839724139439
1056.37,0.0333139372575512
1056.44,0.0312122560538413
1056.52,0.0331677316906015
1056.6,0.0310833509684464
1056.68,0.0348526838047934
1056.75,0.0315743766110699
1056.83,0.0341643797840101
1056.91,0.0314916206757668
1056.98,0.0337009779672604
1057.06,0.0312732692462568
1057.14,0.0327790790963677
1057.21,0.0302387668470291
1057.29,0.0331634993843721
1057.37,0.0302338434906872
1057.45,0.0335941457717709
1057.52,0.0310133318959122
1057.6,0.0324125523559605
1057.68,0.0298461304630897
1057.75,0.031842343176296
1057.83,0.0301295727296802
1057.91,0.0325441161842698
1057.98,0.0302082484045967
1058.06,0.0330872351990968
1058.14,0.0301110383923844
1058.21,0.0325371971249489
1058.29,0.030305101197672
1058.37,0.0310151179471026
1058.45,0.0295127233816603
1058.52,0.0317486304741998
1058.6,0.0289798659082284
1058.68,0.0325082055854296
1058.75,0.0291104592994915
1058.83,0.032621589333899
1058.91,0.0294055469044868
1058.98,0.031148340574846
1059.06,0.0299429275597963
1059.14,0.0321070277946355
1059.21,0.0281348974499879
1059.29,0.030192288134781
1059.37,0.0286665602527694
1059.44,0.0304700801289471
1059.52,0.0290193280885535
1059.6,0.0309037435015821
1059.67,0.0282036255364818
1059.75,0.029283109050162
1059.83,0.0282938999099229
1059.9,0.0299590773353054
1059.98,0.0272069146736224
1060.06,0.030121545958146
1060.13,0.0277789831209609
1060.21,0.0302637726831892
1060.29,0.0274306650049542
1060.36,0.0289718989897562
1060.44,0.0268802877110974
1060.52,0.0290997331220391
1060.59,0.026277940021834
1060.67,0.0296084356511439
1060.75,0.0263162446951375
1060.82,0.0291129165348678
1060.9,0.0259706894377513
1060.98,0.028542393393468
1061.05,0.0270392125792688
1061.13,0.0267567991297621
1061.21,0.0259895302438608
1061.28,0.0280158731440435
1061.36,0.0265472854455296
1061.44,0.0290153262231063
1061.51,0.0251078506037317
1061.59,0.0281127757471176
1061.67,0.025682983717888
1061.74,0.0268638211387259
1061.82,0.0254124083504999
1061.9,0.0273380140630325
1061.97,0.0250119307995194
1062.05,0.0266691462955308
1062.13,0.0254918643471924
1062.2,0.026309102438593
1062.28,0.0249932255579417
1062.36,0.0271037444983238
1062.43,0.0245061065864903
1062.51,0.0267841104853032
1062.58,0.0237678132377207
1062.66,0.0268339710255969
1062.74,0.0239186734294396
1062.81,0.0257579500808274
1062.89,0.0242311664519408
1062.97,0.0262610945731166
1063.04,0.0247861896451964
1063.12,0.0253380102800267
1063.2,0.022185685747753
1063.27,0.025731414283323
1063.35,0.0229341286974521
1063.43,0.0253049189068947
1063.5,0.0237288146785048
1063.58,0.0267868735473659
1063.65,0.0241857279648178
1063.73,0.0251591730969957
1063.81,0.0232798382988538
1063.88,0.0251252781727913
1063.96,0.0227521167877069
1064.04,0.0254408327206771
1064.11,0.0226141961925385
1064.19,0.0251759341362054
1064.27,0.0221384503880513
1064.34,0.0241775283681652
1064.42,0.0222979516151602
1064.49,0.0247240674607822
1064.57,0.0225614289730976
1064.65,0.0255566003980484
1064.72,0.0215657599569776
1064.8,0.0257133351234612
1064.88,0.0233079793869182
1064.95,0.0238772738780241
1065.03,0.0233693460964436
1065.1,0.0238000255234959
1065.18,0.0220443521778336
1065.26,0.0246846307491977
1065.33,0.0211034293778916
1065.41,0.023625350614544
1065.49,0.0225685688773482
1065.56,0.0237242912622211
1065.64,0.0231440881179345
1065.71,0.0230231036086819
1065.79,0.0218738122743326
1065.87,0.0244364310482981
1065.94,0.0214123000075901
1066.02,0.0239114393154907
1066.09,0.02193006656661
1066.17,0.0240970753649039
1066.25,0.0225634706408575
1066.32,0.0243722824699992
1066.4,0.0215299202959238
1066.47,0.0239425837232464
1066.55,0.0213601435230955
1066.63,0.0236920358791729
1066.7,0.0216872964449784
1066.78,0.0258250359370757
1066.86,0.02339559236398
1066.93,0.0241298264063174
1067.01,0.0228906973949793
1067.08,0.024280844457834
1067.16,0.0214611450509809
1067.24,0.0238771405599951
1067.31,0.0214155987227449
1067.39,0.0236293997017922
1067.46,0.0211388796966644
1067.54,0.0238093197337035
1067.62,0.0223561871640451
1067.69,0.0229142523918242
1067.77,0.0223453488317047
1067.84,0.0235045280163882
1067.92,0.0214126237892769
1067.99,0.024297142010368
1068.07,0.0205925511054992
1068.15,0.0245465298197589
1068.22,0.0219862575837035
1068.3,0.0236889488315305
1068.37,0.0224378473545395
1068.45,0.0228081918300898
1068.53,0.0210339372771726
1068.6,0.0232945182759058
1068.68,0.0212803112434566
1068.75,0.0240150051948492
1068.83,0.0214833456260967
1068.91,0.0225387749424833
1068.98,0.0212585866399737
1069.06,0.0232188209477325
1069.13,0.0207909963461301
1069.21,0.0232484962709561
1069.28,0.0201412571427815
1069.36,0.0221854377866703
1069.44,0.0201419703906906
1069.51,0.0237328263683778
1069.59,0.0204693224976226
1069.66,0.0218891382554799
1069.74,0.0213662417846125
1069.82,0.021291453270933
1069.89,0.0197999364213335
1069.97,0.0223995087772242
1070.04,0.0202458573853964
1070.12,0.021749711860965
1070.19,0.0197983749985344
1070.27,0.0219239298558351
1070.35,0.0189779068427081
1070.42,0.0213608225675214
1070.5,0.0187009569280919
1070.57,0.0220208354488405
1070.65,0.0191093168287929
1070.72,0.0219608563903544
1070.8,0.0188525981688569
1070.87,0.0217823105005331
1070.95,0.019639829344281
1071.03,0.021089040886772
1071.1,0.0177028795890481
1071.18,0.0205865497705834
1071.25,0.0185971349515202
1071.33,0.0218424363983292
1071.4,0.0190402748260225
1071.48,0.0214903357256646
1071.56,0.0197061966269071
1071.63,0.0197585753222333
1071.71,0.0187147916828419
1071.78,0.0215785904014608
1071.86,0.0183220620733858
1071.93,0.0212322346205903
1072.01,0.0196272482160477
1072.08,0.0205271715126756
1072.16,0.0188064102151894
1072.24,0.020620500340718
1072.31,0.0184772886008771
1072.39,0.0198893333362951
1072.46,0.0181799672164369
1072.54,0.0203615762038014
1072.61,0.0174255360000159
1072.69,0.0197576457948575
1072.76,0.0181320586025275
1072.84,0.0198624924558843
1072.91,0.0179388529145237
1072.99,0.0191572421279101
1073.07,0.0168198240045755
1073.14,0.018304383442437
1073.22,0.0176884359609654
1073.29,0.0200295211860515
1073.37,0.0169801561436844
1073.44,0.0203745628782943
1073.52,0.0177649238344693
1073.59,0.0195911089764629
1073.67,0.0174009496713574
1073.74,0.0188278571802825
1073.82,0.0162440487936175
1073.89,0.0188545740784794
1073.97,0.0169796819138899
1074.05,0.0194601320276912
1074.12,0.0168500598445077
1074.2,0.0187517839605474
1074.27,0.0169953707654658
1074.35,0.0181794125534804
1074.42,0.0162695336205906
1074.5,0.0174130850246913
1074.57,0.0152918393544639
1074.65,0.0179578573977667
1074.72,0.016829333710313
1074.8,0.0176574813203936
1074.87,0.0169573032123247
1074.95,0.0187146471820018
1075.02,0.0156263857541715
1075.1,0.0187819059318269
1075.17,0.0154098490306787
1075.25,0.0199347210803474
1075.33,0.0169476177030471
1075.4,0.0184908916210304
1075.48,0.016296871277536
1075.55,0.0178401912368489
1075.63,0.0164595927204616
1075.7,0.0185096183921231
1075.78,0.0153484505578497
1075.85,0.0194917805097726
1075.93,0.0153403300963693
1076,0.0187020738363991
1076.08,0.0163079561463495
1076.15,0.0175243216513397
1076.23,0.0154804478805381
1076.3,0.0172962226714176
1076.38,0.0154694395623356
1076.45,0.018078691085079
1076.53,0.0155626772616738
1076.6,0.0186121837067838
1076.68,0.0155111322497607
1076.75,0.018129267659776
1076.83,0.0164152403733362
1076.9,0.0170873934773833
1076.98,0.0158308555377499
1077.05,0.0176267053629409
1077.13,0.0153130395050512
1077.2,0.0181081352403425
1077.28,0.0148415258717519
1077.35,0.0177844305109379
1077.43,0.0167913360040733
1077.5,0.0174520136033771
1077.58,0.0164849439198493
1077.65,0.0170732286680539
1077.73,0.0166622589055728
1077.8,0.0175315429335867
1077.88,0.0156809126695481
1077.95,0.018212942446728
1078.03,0.0154642484258814
1078.1,0.0181788728865788
1078.18,0.0152939195154274
1078.25,0.0183302077617452
1078.33,0.014622394241721
1078.4,0.0178181260501285
1078.48,0.0151154657734975
1078.55,0.0175754446745117
1078.63,0.0159881150661144
1078.7,0.0173617190622237
1078.78,0.0155512286163117
1078.85,0.0172580798596736
1078.93,0.0148129734187893
1079,0.0166647535992035
1079.08,0.013616845329388
1079.15,0.0177259293220706
1079.23,0.0157095032042509
1079.3,0.0170021797065036
1079.38,0.0151189601579829
1079.45,0.0162609882729727
1079.52,0.0148007381035777
1079.6,0.0167774580566848
1079.67,0.0136276159604834
1079.75,0.0175924715261294
1079.82,0.0155061365882377
1079.9,0.0166860236762571
1079.97,0.0148227562716834
1080.05,0.0181532186951607
1080.12,0.0154261949373422
1080.2,0.0163105352743236
1080.27,0.0143601620834602
1080.35,0.0170242147261902
1080.42,0.0135810067112839
1080.5,0.0165929860586457
1080.57,0.0146453645285704
1080.65,0.0159791027894431
1080.72,0.0145850673230704
1080.8,0.01533328471003
1080.87,0.0139333849346997
1080.94,0.0164847473790559
1081.02,0.014618111438867
1081.09,0.0170942117245105
1081.17,0.0137373474069082
1081.24,0.0162715145584441
1081.32,0.0150396682581906
1081.39,0.0152660955305115
1081.47,0.0151040544157149
1081.54,0.0156436324591371
1081.62,0.0141855143650031
1081.69,0.0163227550511072
1081.76,0.0141425500798095
1081.84,0.0165553831476446
1081.91,0.0143808951637301
1081.99,0.0157267070677013
1082.06,0.0140537903274922
1082.14,0.0154402486896947
1082.21,0.0147474475945154
1082.29,0.0166037816183101
1082.36,0.0131877990594586
1082.44,0.0166276533884114
1082.51,0.0146007287231238
1082.58,0.0156131928722062
1082.66,0.0145984198572967
1082.73,0.0155529181415163
1082.81,0.0135171507397968
1082.88,0.0157971910299465
1082.96,0.0125576179827959
1083.03,0.0166419105745238
1083.11,0.0129294154107427
1083.18,0.0159783233877968
1083.25,0.0137827374446874
1083.33,0.0148302424381788
1083.4,0.0134496978874115
1083.48,0.0159071066672168
1083.55,0.0133516145444658
1083.63,0.0152085987716778
1083.7,0.0125253388758316
1083.78,0.0152933588069986
1083.85,0.0125519655660753
1083.92,0.0156304988935667
1084,0.01372173748472
1084.07,0.0146127413782466
1084.15,0.0126081299902198
1084.22,0.0150543813951684
1084.3,0.0138186255635373
1084.37,0.0157804229880086
1084.44,0.0126903881753679
1084.52,0.014164779684272
1084.59,0.0133409294487468
1084.67,0.014710928371901
1084.74,0.0123025797266654
1084.82,0.015013352838881
1084.89,0.0133217264985363
1084.96,0.0160993407095392
1085.04,0.0118769817483075
1085.11,0.0154818308556031
1085.19,0.0136769254832697
1085.26,0.0142924997057686
1085.33,0.0130098981181869
1085.41,0.0147778191733572
1085.48,0.0121106484811987
1085.56,0.0142937008912899
1085.63,0.0109791088782205
1085.71,0.0156411820753501
1085.78,0.0130928200242841
1085.85,0.0138216985792279
1085.93,0.012866944288002
1086,0.0141590303820722
1086.08,0.0110821078409749
1086.15,0.0145370354777651
1086.22,0.0111812544500245
1086.3,0.0141863606468778
1086.37,0.0119917494533658
1086.45,0.0136759721495049
1086.52,0.0110602618944948
1086.59,0.0135429560266086
1086.67,0.0115833716363798
1086.74,0.0128815127828978
1086.82,0.0107127659999448
1086.89,0.0138228711019493
1086.97,0.0125280951840894
1087.04,0.0143955220074353
1087.11,0.0112392609736847
1087.19,0.0128831686166645
1087.26,0.0108593153953598
1087.34,0.0136504051986274
1087.41,0.0109846616311984
1087.48,0.0139675137575619
1087.56,0.0109096239114896
1087.63,0.013340778549491
1087.7,0.0110901366370853
1087.78,0.0137015094260497
1087.85,0.0113752601888496
1087.93,0.0125402653021911
1088,0.0103852667216317
1088.07,0.0127266747261052
1088.15,0.00984542888169589
1088.22,0.0140954066147681
1088.3,0.011344788445793
1088.37,0.0119783013571056
1088.44,0.00989854823474368
1088.52,0.0123564857861243
1088.59,0.0102679345429665
1088.67,0.0127201781040876
1088.74,0.0100069087145599
1088.81,0.0118897715453142
1088.89,0.00980977970430441
1088.96,0.0121982722227551
1089.03,0.00996126885930565
1089.11,0.0122452976473986
1089.18,0.0107462328240799
1089.26,0.0114990666322254
1089.33,0.00931996843554437
1089.4,0.0117436303535177
1089.48,0.0096225941489132
1089.55,0.0129472196932118
1089.62,0.00977119858830709
1089.7,0.0128838584381318
1089.77,0.00978325590977348
1089.85,0.0108907590588021
1089.92,0.0105276989546211
1089.99,0.0116672046471117
1090.07,0.00969402584257016
1090.14,0.0122780832792944
1090.21,0.0101478481065535
1090.29,0.0116072047220986
1090.36,0.0106656869562977
1090.44,0.0114362254764757
1090.51,0.00975633664830899
1090.58,0.0106867340034057
1090.66,0.00933817605671061
1090.73,0.0128441958791384
1090.8,0.00887925339282781
1090.88,0.012068572140304
1090.95,0.00998728646301636
1091.02,0.0110399161077912
1091.1,0.0090486752886131
1091.17,0.0110782088481796
1091.25,0.00780179179824768
1091.32,0.0110380033852007
1091.39,0.00817428824760459
1091.47,0.0111286385353247
1091.54,0.00916908862939766
1091.61,0.0114111606184237
1091.69,0.0100796528262043
1091.76,0.0103357600475979
1091.83,0.00864064562237931
1091.91,0.010609582943574
1091.98,0.00801289304489484
1092.05,0.0116366070743233
1092.13,0.00967093846121276
1092.2,0.00992125565255305
1092.27,0.00834224059904715
1092.35,0.00973266191206266
1092.42,0.0085869328700399
1092.49,0.0103118746066694
1092.57,0.00850297619991956
1092.64,0.011086051153202
1092.72,0.00845682603544954
1092.79,0.0111854585914257
1092.86,0.00937347893176844
1092.94,0.0109503489875311
1093.01,0.0092430051291348
1093.08,0.00982210568218399
1093.16,0.00795759663741575
1093.23,0.011006598423723
1093.3,0.00759137340925738
1093.38,0.0107278113961981
1093.45,0.00866819710743771
1093.52,0.010382049849687
1093.6,0.00794121792100661
1093.67,0.0099751888618753
1093.74,0.00862823813104859
1093.82,0.00987090168646567
1093.89,0.00830856264320327
1093.96,0.0108519475493736
1094.04,0.00760474897969766
1094.11,0.0100783977087111
1094.18,0.00796010490202103
1094.26,0.0107365537583232
1094.33,0.00909253610071363
1094.4,0.0100822169125034
1094.48,0.00690149330859302
1094.55,0.010382457423464
1094.62,0.0072947045332032
1094.69,0.00974551038497997
1094.77,0.00755408801300926
1094.84,0.00946072454773819
1094.91,0.00873616593934295
1094.99,0.0102005071147196
1095.06,0.00755186341488998
1095.13,0.0100524988808924
1095.21,0.00733680654010804
1095.28,0.0104721631548485
1095.35,0.0079047957964067
1095.43,0.0103154537388212
1095.5,0.00819047143186208
1095.57,0.00874671257156899
1095.65,0.00748048131698426
1095.72,0.00940511419242515
1095.79,0.00683736788857568
1095.87,0.00993546911871472
1095.94,0.00774903929852767
1096.01,0.00950788748640625
1096.08,0.00753099965530025
1096.16,0.00971216973003863
1096.23,0.00636659067714536
1096.3,0.0101261034565867
1096.38,0.00738029051436265
1096.45,0.0100712564816374
1096.52,0.00702824486048477
1096.6,0.0104299462261007
1096.67,0.00839446255098399
1096.74,0.00967610277629817
1096.81,0.00786477075377529
1096.89,0.00999403279971605
1096.96,0.00688651557155899
1097.03,0.00983719705636141
1097.11,0.0072480260140236
1097.18,0.0101056481175361
1097.25,0.00756876718169962
1097.33,0.00972745244729005
1097.4,0.00780217280730624
1097.47,0.00973371670452452
1097.54,0.00717037313067663
1097.62,0.0100895993441177
1097.69,0.00606075998571696
1097.76,0.00961517966948347
1097.84,0.00834226284092712
1097.91,0.0100497554493246
1097.98,0.00789395330529598
1098.05,0.00995988862162391
1098.13,0.00783897664415534
1098.2,0.00995745914155807
1098.27,0.00732649900733219
1098.35,0.0108962209293931
1098.42,0.00710248040041451
1098.49,0.00962036918385558
1098.56,0.00803240259854378
1098.64,0.0100055106339624
1098.71,0.00820473567510688
1098.78,0.00890435777059643
1098.86,0.0066663407670002
1098.93,0.0101288647517031
1099,0.00745939549710785
1099.07,0.0100185742680623
1099.15,0.00681562104437913
1099.22,0.0101356557999558
1099.29,0.00720360196577775
1099.36,0.00856792413412125
1099.44,0.00701448555650808
1099.51,0.00848089615217045
1099.58,0.00624231346387522
1099.66,0.00943165440222113
1099.73,0.00723379642430677
1099.8,0.00913181502331208
1099.87,0.00667729778735489
1099.95,0.00891944063809849
1100.02,0.00672427656654281
